1
3
17
17
34
43
44
52
59
66
73
75
87
97
100
106
121
124
133
150
156
164
178
194
235
269
277
278
295
322
330
473
487
871
34
46
46
60
75
151
163
171
206
213
214
239
241
246
258
272
297
300
303
316
329
329
407
416
431
474
491
521
548
559
584
594
715
896
117
125
190
205
215
261
282
284
330
335
336
397
397
402
455
480
480
483
532
547
584
603
610
614
633
644
657
696
701
818
832
873
1095
1108
138
207
209
290
313
394
399
410
422
477
496
498
503
504
520
586
593
594
633
672
687
724
739
743
747
847
868
883
1013
1071
1095
1207
1266
1374
219
302
330
401
521
542
550
592
637
680
693
698
716
742
769
840
845
862
892
925
946
972
995
1026
1074
1084
1138
1174
1224
1226
1343
1440
1455
1744
353
478
521
627
647
722
766
774
777
780
869
874
890
893
910
952
958
1041
1079
1090
1091
1099
1115
1201
1240
1284
1308
1367
1414
1466
1494
1517
1801
2515
467
481
532
711
770
803
896
913
1025
1061
1108
1118
1118
1127
1134
1142
1148
1153
1212
1221
1243
1302
1387
1405
1455
1457
1502
1523
1538
1635
1906
1913
1936
3324
670
717
778
808
818
874
930
1002
1068
1128
1150
1151
1170
1243
1255
1284
1305
1309
1355
1366
1392
1429
1459
1465
1477
1493
1633
1648
1942
1944
2006
2213
2447
3810
806
836
933
954
958
1118
1148
1207
1226
1230
1248
1284
1372
1379
1403
1424
1460
1462
1471
1517
1564
1580
1601
1668
1696
1758
1803
1982
2002
2038
2154
2346
2647
4655
967
976
1004
1150
1186
1193
1193
1208
1254
1306
1376
1477
1498
1504
1539
1546
1572
1580
1586
1599
1614
1694
1713
1841
1909
1984
2034
2041
2051
2145
2317
2433
2712
4786
980
1106
1248
1273
1289
1337
1369
1372
1405
1416
1419
1492
1504
1547
1589
1608
1644
1735
1760
1880
1943
1991
1993
2060
2075
2076
2093
2094
2195
2310
2376
2747
2748
1160
1241
1330
1384
1387
1391
1393
1414
1499
1510
1523
1559
1616
1632
1736
1762
1780
1959
2026
2030
2098
2099
2195
2201
2219
2239
2290
2323
2331
2496
2718
2949
3030
1300
1390
1425
1439
1506
1530
1647
1652
1697
1736
1798
1875
1936
2097
2099
2114
2137
2156
2259
2262
2265
2270
2281
2295
2329
2333
2352
2482
2550
2599
2972
3067
3145
1356
1438
1554
1652
1677
1750
1809
1809
1860
1943
1951
1958
1967
2168
2218
2234
2304
2313
2324
2348
2358
2396
2471
2478
2552
2636
2639
2721
2838
2991
3087
3097
3146
1427
1448
1759
1760
1945
1973
1982
1984
2000
2001
2104
2148
2173
2219
2273
2353
2377
2432
2466
2490
2529
2533
2542
2584
2639
2671
3043
3043
3094
3140
3162
3181
3210
1550
1780
1896
2029
2041
2048
2158
2180
2245
2359
2383
2408
2445
2486
2487
2494
2548
2549
2620
2632
2653
2673
2692
2734
2749
3138
3165
3177
3251
3261
3264
3309
3416
1793
1863
2174
2199
2241
2393
2452
2493
2517
2532
2547
2606
2615
2619
2658
2784
2792
2801
2839
2878
2887
2894
2982
3000
3016
3154
3261
3272
3286
3320
3491
3524
3553
1964
2304
2318
2343
2401
2405
2465
2575
2594
2635
2652
2690
2768
2802
2822
2835
2921
2938
2944
2980
3017
3023
3034
3062
3295
3298
3343
3365
3418
3427
3503
3607
3989
2224
2390
2495
2534
2589
2625
2625
2628
2691
2719
2726
2913
2924
2948
2956
2966
3029
3052
3054
3160
3180
3228
3251
3305
3373
3406
3446
3479
3483
3562
3601
3733
4075
2455
2460
2548
2629
2636
2705
2716
2782
2801
2821
3007
3079
3111
3119
3124
3164
3166
3167
3186
3203
3338
3427
3431
3435
3439
3486
3539
3685
3766
3775
3866
3898
4290
2476
2648
2756
2772
2809
2840
2912
2984
3023
3046
3058
3216
3243
3274
3361
3483
3506
3510
3520
3558
3671
3696
3699
3700
3722
3729
3778
3786
3940
3974
3995
4024
4327
2711
2807
2854
2923
2947
3001
3029
3077
3095
3148
3323
3524
3601
3628
3654
3678
3713
3724
3736
3758
3770
3786
3791
3843
3865
3897
3907
3975
4018
4058
4172
4311
4455
2900
2952
2964
3067
3149
3156
3172
3192
3202
3395
3531
3556
3682
3707
3751
3784
3791
3813
3827
3862
3881
3901
3931
3979
4063
4064
4066
4076
4112
4128
4207
4400
4492
3056
3189
3198
3204
3267
3298
3392
3403
3467
3474
3579
3699
3759
3787
3789
3898
3993
4004
4018
4022
4031
4047
4067
4079
4103
4112
4136
4230
4264
4295
4325
4419
4565
3281
3313
3488
3491
3510
3517
3609
3646
3791
3859
3859
3948
3959
4032
4033
4042
4117
4120
4140
4157
4159
4165
4172
4178
4182
4188
4280
4288
4303
4378
4397
4571
4575
3339
3389
3691
3692
3699
3727
3903
3946
3968
4018
4039
4048
4073
4142
4166
4167
4179
4200
4205
4206
4281
4317
4324
4333
4356
4371
4429
4459
4464
4570
4570
4589
4716
3472
3714
3794
3803
3979
4124
4126
4148
4167
4167
4194
4201
4210
4217
4221
4231
4293
4366
4430
4430
4433
4463
4483
4491
4519
4520
4527
4561
4582
4606
4626
4664
4733
3831
3878
3954
4068
4208
4260
4321
4332
4342
4382
4388
4432
4442
4443
4444
4466
4504
4548
4575
4580
4608
4619
4620
4628
4633
4666
4678
4681
4718
4739
4795
4806
4878
4117
4275
4316
4331
4418
4423
4464
4500
4506
4512
4522
4539
4576
4582
4588
4602
4616
4639
4642
4664
4733
4744
4765
4772
4793
4796
4801
4802
4832
4920
4922
4939
4945
4296
4378
4593
4624
4629
4643
4664
4700
4701
4718
4737
4750
4774
4782
4839
4844
4850
4856
4870
4872
4876
4912
4912
4913
4925
4949
4949
4959
4977
4985
4986
4997
4997
