532
521
3079
4464
75
2632
4042
1943
66
4126
2030
1601
2099
330
4876
2432
4004
2784
670
3274
2234
2921
3843
2966
4442
207
3901
4048
117
1694
2465
2636
3831
3389
3714
2495
52
1564
2809
3313
2952
2048
1614
958
1465
1762
2452
1243
1860
3198
532
742
272
2854
1760
4423
4643
1798
2001
739
487
491
3000
4103
1744
3029
1982
4201
4076
3940
3017
2353
4576
2262
2099
1095
4179
2734
1936
3119
4178
4624
644
3975
1984
1993
1942
1801
4382
2324
261
3067
1390
2719
2486
4148
3968
1372
1951
313
680
1387
4443
766
213
3029
1226
2984
2782
2635
3204
1254
1002
2493
3491
896
124
4782
4522
2000
4058
3309
397
4718
1913
3607
1414
2447
4582
3775
3553
3181
2747
4295
3733
3145
316
2712
4744
2949
4925
150
925
3974
4066
503
4397
2647
3146
4570
1943
1
3361
60
4165
302
1945
4293
717
125
3052
353
976
4047
1393
467
1875
3016
4432
4500
4167
1289
3827
4977
3111
138
3628
3034
2029
806
3813
1127
3786
4079
672
1477
4985
4231
3251
614
3062
1128
407
3439
1616
1492
2542
4539
2295
1462
4166
4332
4140
2673
2358
3729
269
2887
972
1091
1193
209
481
3898
4878
478
1330
205
3724
3751
3180
1439
2549
151
874
1652
4172
3671
2894
2938
4920
4519
4986
1973
4459
97
954
219
3203
1248
808
4142
2156
4718
34
2648
2575
2218
4444
3192
1004
504
550
4194
2487
803
3267
3077
4602
774
2517
958
303
336
3959
1106
1160
2629
2273
2625
4117
2097
394
4678
4561
3167
1061
1539
34
2768
874
17
4067
4912
4063
2245
215
4802
1355
2606
4324
2219
1424
4018
2026
2924
3506
2168
1991
521
4288
593
4608
3094
1150
1376
46
2329
1108
4264
946
3979
2991
4333
3286
1248
4642
402
3786
3295
3177
17
1416
4483
3305
3338
4701
3791
1079
1499
3524
3416
4700
2317
4664
4492
4290
3087
4565
1944
4589
3140
2972
4575
2376
239
657
1071
4075
4455
4619
4606
4327
3989
1224
1906
2718
2154
106
1517
930
4582
890
4575
1896
3859
2199
693
1759
2912
2947
4872
1523
473
3579
2625
2401
548
2801
584
1647
4366
3903
1419
594
1148
913
3531
1186
1750
832
3803
2494
1013
1455
1586
2239
2093
1308
3392
1084
3510
3692
4316
2466
4844
2691
3156
3878
3095
2304
278
584
1493
2265
2619
2821
2690
3023
1580
121
4922
1632
2460
2343
3149
1517
1589
1736
297
1984
2158
1459
1958
1405
3058
2390
1138
4633
3148
3298
701
3699
3646
868
2174
4949
1201
4221
1580
4182
2839
2944
4666
4112
2636
3699
1074
1546
2323
2948
610
329
4317
633
1379
4064
164
1284
1302
1880
2333
1305
3897
2653
3164
4430
2639
4856
4801
862
1366
4850
2913
3609
3946
4124
520
2620
2471
1608
2281
480
75
3467
3216
2098
4418
1041
2822
3166
3323
1221
1372
241
2584
4388
1572
2658
3395
4733
3520
547
1523
847
277
1226
2982
3023
2034
1758
1648
2348
2219
3601
2490
3993
3483
3881
3486
1494
4430
474
4303
2259
4356
4620
2749
2195
4737
2772
4117
1696
1713
1633
3472
2393
2377
542
4378
2589
2313
1735
2114
498
2405
2705
3954
2383
2923
483
1780
258
910
3339
2964
87
3281
1502
3189
1405
1448
840
3435
1438
4912
2532
416
1284
455
4464
1306
4491
3862
1425
3713
1414
2835
3054
1118
2041
4506
59
4031
4120
3700
869
4504
1243
496
3517
4331
3056
1677
1090
1504
171
1530
1151
1504
3691
1964
2455
290
1780
1863
2224
4664
1148
1760
995
2476
4068
2711
1510
2900
190
3794
156
1230
1550
3
3403
836
422
2716
4159
592
1793
4281
967
627
284
1300
1356
4750
3172
4639
818
2756
2304
1241
4628
711
2628
1427
4520
2807
46
980
3228
4593
873
4321
2692
892
4588
952
4210
2639
2671
1803
4200
206
1841
3931
1284
2331
3696
2482
4033
2792
4022
194
1142
3907
2076
2980
3685
883
4230
3320
3898
1255
3418
4371
1909
2270
2478
295
1471
2529
4870
4580
397
2060
4207
4796
716
1099
3251
300
2201
3601
1153
4463
3995
4172
4280
477
2352
2533
3736
3160
4032
3243
4949
4527
722
2094
401
2051
2290
2801
2548
2006
235
282
4018
2396
2038
4939
1538
2802
3791
3186
399
4795
4073
246
1477
3562
2310
4112
3865
4217
4188
2145
4997
3264
1095
3778
871
1457
1367
4205
1668
1343
2838
3491
3766
3503
4136
4832
896
1207
2599
2496
3210
4548
4739
4157
3654
335
1554
2104
893
2615
1369
100
1134
3682
1207
3483
2652
2956
1506
1208
163
1170
4793
724
2359
4913
845
3124
4570
4664
3789
1391
3488
2180
44
637
4839
1193
2241
3474
4616
214
3979
770
933
1809
1559
647
2318
778
2840
2534
4260
2548
1337
480
3001
2173
3202
1652
586
3727
2748
1466
1635
3479
4419
2346
4733
3427
4959
3866
3030
2433
4311
4806
2213
178
3067
1266
4024
3261
4571
715
4716
1440
3162
1108
4400
4945
3097
3261
1599
3138
777
3373
1392
3043
633
4208
3707
3154
1959
4275
1403
3365
4039
3948
698
2552
1118
3759
3510
594
2137
3427
3678
322
4167
1644
4296
687
3431
2041
3043
4772
4128
3165
43
3722
603
1387
3406
1240
3343
4626
2002
2550
4681
3272
2721
559
4325
2195
2075
1429
4997
4378
1174
3758
4429
747
780
2148
1025
3046
4018
2594
3524
2726
4512
330
4342
3007
1809
3859
1384
410
769
2408
4167
1118
1150
1068
3699
329
3556
73
2547
4629
1697
1273
743
2445
3770
1547
1026
4774
3784
1967
1498
1115
3539
1309
1460
1936
4433
4206
521
696
330
3558
3791
4466
3787
3298
4765
2878
3446
1212
1736
1982
818
133
2515
1455
3324
4786
1374
4655
3810
431
